success  collision  collision_obst   makespan   flowtime    runtime     mean_groups     mean_groups_size     number
      1          0               0     99.200    235.300      0.405           9.575                 1.05         10
      1          0               0     91.100    397.000      0.946          13.945                 1.45         20
      1          0               0    126.100    886.100      2.048          21.283                 1.42         30
      1          0               0    116.900    943.800      4.463          23.388                 1.72         40
      1          0               0     85.300   1011.700      4.006          25.387                 1.99         50
      1          0               0    128.400   1203.600     10.887          29.084                 2.07         60
      1          0               0     74.100    247.800      0.311           9.120                 1.11         10
      1          0               0    112.300    599.200      1.154          15.515                 1.31         20
      1          0               0     80.500    563.600      1.258          23.507                 1.28         30
      1          0               0    109.000    975.700      2.562          26.406                 1.53         40
      1          0               0     79.300   1120.500      6.294          25.175                 2.01         50
      1          0               0    130.300   1350.300     11.720          31.070                 1.95         60
      1          0               0    104.600    402.000      0.487           7.724                 1.32         10
      1          0               0     67.800    614.500      0.876          12.069                  1.7         20
      1          0               0     88.900    785.900      1.781          18.056                 1.67         30
      1          0               0     88.100   1021.700      3.332          21.548                 1.88         40
      1          0               0     86.900   1152.600      4.603          26.384                 1.91         50
      1          0               0    134.500   1442.400      9.440          28.984                 2.09         60
      1          0               0    123.400    399.200      0.546           8.536                 1.18         10
      1          0               0    141.300    643.900      1.417          14.935                 1.35         20
      1          0               0     90.700    641.800      1.579          21.630                  1.4         30
      1          0               0    117.000    748.500      3.502          26.660                 1.51         40
      1          0               0     80.700    857.100      4.719          30.007                 1.68         50
      1          0               0     97.200   1042.500      6.008          33.767                 1.79         60
      1          0               0    104.000    340.500      0.513           7.412                 1.38         10
      1          0               0    147.700    703.500      1.450          15.282                 1.32         20
      1          0               0    141.600   1134.100      2.094          23.285                 1.29         30
      1          0               0     89.700    740.200      1.897          30.322                 1.33         40
      1          0               0     93.600    859.600      3.008          34.082                 1.48         50
      1          0               0     90.900   1187.400      4.390          35.452                 1.71         60
      1          0               0     70.300    248.900      0.299           9.070                 1.11         10
      1          0               0    135.200    550.800      1.283          16.545                 1.22         20
      1          0               0    101.200    926.100      1.641          22.460                 1.34         30
      1          0               0    139.700   1280.500      3.199          26.893                  1.5         40
      1          0               0    121.600   1279.700      5.006          30.080                 1.67         50
      1          0               0    127.400   2234.300      7.493          31.485                 1.91         60
      1          0               0    128.500    468.600      0.578           8.305                 1.22         10
      1          0               0     91.400    673.700      1.022          14.620                 1.39         20
      1          0               0    140.500   1279.400      2.414          21.104                 1.43         30
      1          0               0    142.500   1432.900      3.620          25.495                 1.58         40
      1          0               0     86.600    945.100      6.283          28.066                 1.79         50
      1          0               0    102.900   1131.500     11.349          29.042                 2.08         60
      1          0               0     87.100    241.000      0.384           8.646                 1.17         10
      1          0               0    112.800    663.300      1.145          16.428                 1.25         20
      0          0               1     10.600    318.000      0.271          18.208                 1.71         30
      1          0               0     76.300    656.300      2.153          26.751                 1.51         40
      1          0               0     98.700    914.000      4.235          27.455                 1.84         50
      1          0               0     98.900   1216.200      7.810          27.617                 2.18         60
      1          0               0    112.000    262.900      0.557           7.706                 1.32         10
      1          0               0    114.000    757.100      1.197          14.164                 1.42         20
      1          0               0     92.300   1090.800      2.016          18.198                 1.66         30
      1          0               0     75.200   1134.300      3.142          22.859                 1.76         40
      1          0               0     70.600    984.100      3.597          24.343                 2.07         50
      1          0               0     65.600   1284.800      9.539          23.572                 2.56         60
      1          0               0     83.900    317.000      0.354           9.272                 1.09         10
      1          0               0     94.600    487.000      0.941          16.341                 1.23         20
      1          0               0    130.200    783.700      3.355          20.247                 1.49         30
      1          0               0    109.500    813.700      6.051          21.717                 1.85         40
      1          0               0     90.100   1117.500      7.261          23.562                 2.13         50
      1          0               0    102.300   1329.300     10.075          25.670                 2.35         60
      1          0               0    128.000    365.400      0.573           8.020                 1.26         10
      1          0               0    107.500    645.200      1.135          13.257                 1.52         20
      1          0               0    186.600   1203.700      3.139          18.337                 1.64         30
      1          0               0     82.100    805.900      2.598          21.959                 1.83         40
      1          0               0    168.200   1091.600      8.857          23.254                 2.16         50
      1          0               0     71.900   1083.600      5.165          25.193                 2.39         60
      1          0               0     78.100    369.600      0.362           8.362                 1.21         10
      1          0               0     98.400    521.100      1.094          13.814                 1.46         20
      1          0               0    104.400    583.300      1.904          21.006                 1.44         30
      1          0               0    105.500    999.200      2.579          27.400                 1.47         40
      1          0               0    111.700   1304.600      4.194          28.030                  1.8         50
      1          0               0    114.400   1299.400      5.868          30.349                 1.99         60
      1          0               0    120.000    256.100      0.489           9.619                 1.04         10
      1          0               0     91.800    612.400      0.966          15.102                 1.34         20
      1          0               0    115.900   1209.000      2.827          20.303                 1.49         30
      1          0               0    124.500   1590.700      5.071          25.205                  1.6         40
      1          0               0    123.900   1828.900      6.027          28.610                 1.76         50
      1          0               0    122.000   1497.100      9.907          29.986                 2.02         60
      1          0               0    116.100    468.600      0.510           8.400                  1.2         10
      1          0               0     79.900    344.700      0.905          14.374                  1.4         20
      1          0               0    124.800    925.600      2.108          23.194                  1.3         30
      1          0               0     90.300   1090.600      2.964          26.472                 1.53         40
      1          0               0     94.400   1373.800      5.282          29.383                 1.72         50
      1          0               0     76.400   1330.100      7.219          30.547                 1.98         60
      1          0               0     67.600    242.600      0.290           9.102                 1.11         10
      0          0               1     11.700    234.000      0.137          13.291                 1.55         20
      1          0               0    105.500    814.900      1.872          19.637                 1.53         30
      1          0               0    105.900    913.800      2.948          24.698                 1.63         40
      1          0               0    103.100   1304.000      4.706          27.504                 1.83         50
      1          0               0    118.100   1553.700      9.333          27.389                 2.21         60
      1          0               0     89.400    328.600      0.378           9.342                 1.08         10
      1          0               0    112.400    568.300      1.113          16.210                 1.24         20
      1          0               0    125.900    975.000      2.098          22.183                 1.36         30
      1          0               0    233.300   1746.800      6.513          27.884                 1.44         40
      1          0               0     97.100   1054.000      3.925          31.383                  1.6         50
      1          0               0    105.900   1272.400      5.738          31.681                  1.9         60
      1          0               0     81.600    207.000      0.334           9.544                 1.05         10
      1          0               0     71.200    384.600      0.753          15.545                  1.3         20
      1          0               0     98.200    582.200      1.587          20.305                  1.5         30
      1          0               0    178.800   1126.500      4.073          25.245                 1.59         40
      1          0               0    102.200   1326.400      4.400          23.785                 2.11         50
      1          0               0    148.600   1719.500      9.960          23.949                 2.52         60
      1          0               0     47.900    183.400      0.217           8.265                 1.22         10
      1          0               0     89.200    338.700      0.920          15.395                  1.3         20
      1          0               0     68.100    514.500      1.294          20.470                 1.47         30
      1          0               0    114.000   1015.200      3.723          21.825                 1.84         40
      1          0               0    100.300   1029.800      4.962          24.459                 2.06         50
      1          0               0    213.400   1632.800     17.660          25.862                 2.33         60
      1          0               0    117.000    394.700      0.500           8.945                 1.13         10
      1          0               0    126.000    697.800      1.172          17.736                 1.14         20
      1          0               0    148.500   1043.100      2.524          21.057                 1.43         30
      1          0               0    114.700    925.900      3.510          24.595                 1.66         40
      1          0               0     94.700   1196.800      5.129          26.247                 1.94         50
      1          0               0    138.300   1843.400     10.345          27.217                 2.23         60
      1          0               0     75.800    229.900      0.343           7.861                 1.28         10
      1          0               0     43.700    393.400      0.459          15.236                 1.32         20
      1          0               0     75.600    663.600      1.480          19.081                 1.58         30
      1          0               0    127.400   1162.500      3.601          24.877                 1.63         40
      1          0               0     92.900   1031.600      4.928          26.518                  1.9         50
      1          0               0     70.600   1034.600      9.042          25.238                  2.4         60
      1          0               0    121.900    330.100      0.536           8.490                 1.19         10
      1          0               0    148.000    441.800      1.312          18.195                  1.1         20
      1          0               0     94.400    711.100      1.688          20.526                 1.48         30
      1          0               0    120.300    883.500      3.007          25.093                  1.6         40
      1          0               0    155.300   1212.900      5.930          27.358                 1.84         50
      1          0               0     99.200   1195.200      4.806          31.445                 1.92         60
      1          0               0     73.400    350.700      0.367           7.219                 1.42         10
      1          0               0     87.900    451.500      0.902          14.964                 1.34         20
      1          0               0    102.200    542.900      1.774          20.637                 1.46         30
      1          0               0     74.200    580.500      1.977          25.497                 1.58         40
      1          0               0    102.300   1375.200      4.326          28.461                 1.76         50
      1          0               0    145.000   1841.900      9.809          30.141                 1.99         60
      1          0               0     70.500    270.600      0.302           9.126                 1.11         10
      1          0               0    111.300    750.100      1.128          15.166                 1.34         20
      1          0               0    107.500    883.100      1.958          18.462                 1.64         30
      1          0               0     70.000   1054.000      2.077          24.054                 1.68         40
      1          0               0    627.400   2878.400     23.825          28.570                 1.76         50
      1          0               0     63.400   1288.300      7.747          26.211                 2.34         60
      1          0               0     92.600    308.600      0.408           8.770                 1.15         10
      1          0               0    150.300    580.400      1.466          14.744                 1.36         20
      1          0               0    132.200    715.700      2.178          19.809                 1.52         30
      0          0               1      1.400     56.000      0.074          20.429                 2.25         40
      1          0               0    105.200   1141.000      4.336          26.161                 1.94         50
      0          0               1      1.100     66.000      0.141          29.182                 2.45         60
      1          0               0     92.100    333.000      0.432           8.008                 1.27         10
      1          0               0    117.500    474.100      1.157          16.437                 1.23         20
      1          0               0    119.700    959.600      4.012          19.150                 1.57         30
      1          0               0    113.800   1133.400      4.850          23.184                 1.73         40
      1          0               0     78.300    959.500      7.016          24.692                 2.04         50
      1          0               0    147.600   1550.400     19.060          28.159                 2.14         60
      1          0               0    123.400    340.800      0.512           9.309                 1.08         10
      1          0               0     95.800    429.600      0.886          17.259                 1.17         20
      1          0               0    127.200    521.100      1.825          23.649                 1.28         30
      1          0               0    120.100    754.400      2.615          28.713                 1.41         40
      1          0               0    144.700   1091.300      4.951          30.654                 1.65         50
      1          0               0    194.100   1645.100      9.779          30.394                 1.99         60
      1          0               0    108.700    343.900      0.465           9.152                  1.1         10
      1          0               0    105.400    470.200      1.037          14.308                  1.4         20
      1          0               0    172.200   1364.600      2.967          20.639                 1.46         30
      1          0               0    398.100   1941.700     10.973          24.625                 1.63         40
      1          0               0    791.500   4613.500     32.631          25.709                 1.95         50
      1          0               0    967.100   6342.500     54.929          27.695                 2.17         60
      1          0               0    133.000    394.300      0.561           8.877                 1.14         10
      1          0               0     94.900    660.900      0.944          16.013                 1.26         20
      1          0               0    126.300    630.100      1.899          24.696                 1.22         30
      0          0               1     61.700   2468.000      1.462          28.658                 1.41         40
      1          0               0    132.000   1245.400      4.224          32.908                 1.53         50
      1          0               0     85.700   1028.300      4.495          34.523                 1.75         60
      1          0               0    114.700    306.300      0.468           9.558                 1.05         10
      1          0               0     99.000    681.100      0.973          15.496                  1.3         20
      1          0               0     80.800    844.100      1.677          16.903                 1.79         30
      1          0               0    141.800   1249.400      4.067          20.996                 1.91         40
      1          0               0     93.100   1195.200      6.902          21.901                 2.29         50
      1          0               0    123.400   1536.000     13.986          23.250                  2.6         60
      1          0               0    101.500    414.700      0.443           8.537                 1.18         10
      1          0               0     81.800    528.000      0.814          15.295                 1.32         20
      1          0               0    120.500    531.900      1.864          21.769                 1.38         30
      1          0               0     88.300    904.500      2.289          25.477                 1.59         40
      1          0               0     82.300    876.700      3.022          27.902                 1.82         50
      1          0               0     68.800    972.600      3.728          29.994                 2.03         60
      1          0               0     64.900    214.500      0.320           7.883                 1.28         10
      1          0               0     82.700    570.800      1.001          14.277                 1.42         20
      1          0               0    130.800   1176.200      2.804          17.744                 1.71         30
      1          0               0     83.500   1297.600      3.570          21.668                 1.87         40
      1          0               0     78.200   1249.300      4.526          26.111                 1.92         50
      1          0               0    188.200   2653.900     13.986          28.060                 2.15         60
      1          0               0    122.400    432.500      0.544           8.068                 1.25         10
      1          0               0    103.800    627.400      0.994          16.115                 1.25         20
      1          0               0    122.000   1068.600      1.943          22.266                 1.38         30
      1          0               0    155.300    893.300      4.421          23.518                 1.71         40
      1          0               0    102.800   1044.200      4.404          26.714                 1.88         50
      1          0               0     99.700   1111.700     12.563          25.734                 2.34         60
      1          0               0    115.800    478.500      0.523           7.652                 1.32         10
      1          0               0    142.900    582.700      1.571          13.761                 1.47         20
      1          0               0    104.200    749.600      1.753          20.996                 1.43         30
      1          0               0     82.200    608.900      2.306          24.111                 1.66         40
      1          0               0     69.000    743.400      3.365          26.771                 1.87         50
      1          0               0    121.100   1347.900      7.644          27.802                 2.17         60
      1          0               0    122.400    362.700      0.521           8.982                 1.13         10
      1          0               0    100.700    544.300      0.970          15.959                 1.26         20
      1          0               0     91.000    737.600      1.671          19.547                 1.56         30
      1          0               0     87.300    847.700      2.405          23.747                 1.71         40
      1          0               0    100.500   1088.600      3.828          30.017                 1.68         50
      1          0               0    101.700   1715.300      5.987          33.841                 1.78         60
      1          0               0     86.700    241.900      0.377           8.353                 1.21         10
      1          0               0    201.700   1093.500      2.099          14.062                 1.43         20
      1          0               0     93.900    598.200      1.501          21.885                 1.38         30
      1          0               0    145.100   1106.600      3.412          28.861                  1.4         40
      0          0               0   2000.000 100000.000     55.376          33.832                 1.48         50
      0          0               0   2000.000 120000.000     85.902          32.895                 1.82         60
      1          0               0    128.300    476.500      0.544           8.978                 1.14         10
      1          0               0     82.200    620.400      0.859          15.550                  1.3         20
      1          0               0    124.400   1052.200      2.121          21.095                 1.43         30
      1          0               0    144.600   1149.900      3.603          26.299                 1.53         40
      1          0               0    173.200   1606.600      6.004          30.035                 1.67         50
      1          0               0     60.000    880.200      3.504          31.150                 1.94         60
      1          0               0     75.300    223.500      0.321           9.001                 1.13         10
      1          0               0     87.900    630.500      0.856          16.043                 1.27         20
      1          0               0     91.100    958.800      1.906          18.113                 1.67         30
      1          0               0    110.800   1219.100      3.326          24.418                 1.66         40
      1          0               0     62.400   1084.500      3.744          25.316                  2.0         50
      1          0               0     98.900   1766.600      9.834          28.264                 2.14         60
      1          0               0     81.000    358.300      0.361           8.781                 1.16         10
      1          0               0    101.800    665.000      1.103          15.053                 1.36         20
      1          0               0    124.400    890.200      1.990          21.400                 1.41         30
      1          0               0    145.300   1358.100      4.188          24.789                 1.62         40
      1          0               0     70.900    969.200      2.987          27.561                 1.83         50
      1          0               0    112.400   1719.600      9.808          28.777                 2.09         60
      1          0               0    142.300    420.400      0.598           9.331                 1.08         10
      1          0               0    190.400    645.700      1.747          17.024                 1.18         20
      1          0               0    165.200    759.600      2.481          22.691                 1.33         30
      0          0               0   2000.000  80000.000     40.330          27.951                 1.43         40
      1          0               0    156.300   1676.500      5.477          32.184                 1.56         50
      1          0               0     74.400   1033.000      4.556          34.800                 1.73         60
      1          0               0    112.300    437.300      0.470           9.180                 1.09         10
      1          0               0    121.700    560.900      1.125          17.134                 1.18         20
      1          0               0     70.400    792.300      1.172          21.308                 1.44         30
      0          0               0   2000.000  80000.000     46.230          26.894                 1.49         40
      1          0               0    135.900   1215.600      9.237          24.064                 2.09         50
      1          0               0    239.000   2570.700     23.337          26.549                 2.26         60
      1          0               0     37.900    165.800      0.169           8.404                  1.2         10
      1          0               0     65.200    466.400      0.677          15.242                 1.32         20
      1          0               0     56.500    569.200      0.934          21.237                 1.42         30
      1          0               0     56.600    660.800      1.429          26.419                 1.52         40
      1          0               0     80.900    755.500      2.657          32.239                 1.55         50
      1          0               0    135.300   1038.700      6.161          35.911                 1.67         60
      1          0               0     65.300    232.300      0.273           9.302                 1.08         10
      1          0               0     94.800    600.400      0.939          15.100                 1.33         20
      1          0               0    146.000    964.900      2.294          20.629                 1.46         30
      1          0               0     91.100   1008.500      2.429          23.482                 1.71         40
      1          0               0    112.400   1364.800      4.312          29.221                 1.73         50
      1          0               0     80.100   1322.700      4.351          30.638                 1.97         60
      1          0               0     61.900    239.500      0.266           8.800                 1.15         10
      1          0               0     84.500    501.700      0.779          18.079                 1.11         20
      1          0               0     75.400    504.100      1.252          24.337                 1.25         30
      1          0               0    107.200    862.800      3.057          26.211                 1.53         40
      1          0               0    132.600   1150.900      5.117          31.243                 1.61         50
      1          0               0    148.400   1578.300      8.344          34.096                 1.77         60
      1          0               0     77.700    368.600      0.355           8.311                 1.23         10
      1          0               0    128.000    716.800      1.296          15.383                 1.31         20
      1          0               0    219.600   1551.400      4.047          18.476                 1.63         30
      1          0               0    227.600   2047.900      6.603          22.737                 1.77         40
      1          0               0    152.600   2096.700      6.668          24.921                 2.03         50
      1          0               0    131.900   1524.800     10.075          25.385                 2.37         60
      1          0               0     32.000    130.700      0.141           8.175                 1.23         10
      1          0               0    102.900    509.500      1.055          16.296                 1.25         20
      1          0               0     77.800    726.000      1.430          20.740                 1.46         30
      1          0               0    108.300    926.800      4.404          21.958                 1.83         40
      1          0               0     56.600    750.100      3.922          24.986                 2.02         50
      1          0               0    125.400   1301.800      9.846          29.715                 2.02         60
      1          0               0     89.700    280.200      0.382           8.823                 1.14         10
      1          0               0    105.500    614.300      1.053          15.099                 1.33         20
      1          0               0    123.100   1089.300      2.172          19.990                 1.51         30
      1          0               0    134.800   1037.600      3.299          28.188                 1.43         40
      1          0               0    111.100   1034.300      3.689          32.722                 1.54         50
      1          0               0    109.900   1482.800      6.274          34.776                 1.74         60
      1          0               0     76.300    257.300      0.341           8.227                 1.24         10
      1          0               0     89.700    540.900      0.921          14.594                 1.38         20
      1          0               0     94.400    763.700      1.494          22.364                 1.35         30
      1          0               0     86.300   1059.600      2.411          25.424                 1.58         40
      1          0               0    106.400   1101.500      4.956          26.710                 1.88         50
      1          0               0    101.000   1365.400      6.674          28.223                 2.15         60
      1          0               0    121.300    296.600      0.502           9.429                 1.07         10
      1          0               0    134.200    467.500      1.342          14.419                 1.39         20
      1          0               0    107.600    833.600      1.813          21.529                  1.4         30
      1          0               0    102.700    767.200      2.599          25.286                 1.59         40
      1          0               0     83.000   1040.300      3.857          25.999                 1.93         50
      1          0               0    101.000   1231.900      6.045          28.460                 2.12         60
      1          0               0     59.500    221.200      0.280           8.138                 1.25         10
      1          0               0    135.200    613.200      1.306          17.059                 1.18         20
      1          0               0    152.000   1042.200      2.373          22.352                 1.35         30
      1          0               0    116.200   1598.100      3.029          25.723                 1.57         40
      1          0               0    145.200   1864.100      6.548          29.157                 1.72         50
      1          0               0     74.500   1007.900      5.647          28.619                 2.12         60
      1          0               0     69.500    417.000      0.327           7.714                 1.31         10
      1          0               0    115.300    858.800      1.231          14.750                 1.38         20
      1          0               0    101.900    959.300      2.152          18.199                 1.66         30
      0          0               1     36.400   1456.000      1.416          21.143                 1.91         40
      1          0               0    129.700   1554.000      5.673          26.891                 1.88         50
      1          0               0    103.100    941.600      8.379          29.727                 2.03         60
      1          0               0    101.800    366.000      0.429           8.807                 1.14         10
      1          0               0     95.400    586.000      0.999          14.532                 1.39         20
      1          0               0     90.400    905.400      1.837          18.587                 1.63         30
      1          0               0     97.500   1279.900      2.788          22.912                 1.75         40
      1          0               0     88.200   1643.900      5.588          23.813                 2.11         50
      1          0               0     92.600   1721.300      8.200          26.490                 2.28         60
      1          0               0     89.000    336.700      0.380           8.953                 1.13         10
      1          0               0     96.500    574.700      1.071          14.235                 1.42         20
      0          0               1     12.500    375.000      0.268          19.576                 1.58         30
      1          0               0    115.800   1310.900      3.512          21.136                  1.9         40
      1          0               0     93.800   1468.100      5.099          23.485                 2.14         50
      1          0               0    130.400   1643.500     12.165          25.696                 2.34         60
      1          0               0    138.900    300.200      0.578           9.423                 1.07         10
      1          0               0    131.300    805.900      1.772          11.949                 1.69         20
      1          0               0    144.300    786.200      3.354          19.259                 1.56         30
      1          0               0    124.900   1314.800      4.718          22.299                 1.81         40
      1          0               0    116.400   1391.200      7.232          23.899                 2.11         50
      1          0               0    132.300   1675.000     13.698          25.376                 2.39         60
      1          0               0     95.000    349.100      0.413           8.266                 1.22         10
      1          0               0    106.400    484.900      1.143          14.258                 1.41         20
      1          0               0    137.700    954.900      2.317          20.577                 1.46         30
      1          0               0    111.200   1044.700      3.739          23.304                 1.72         40
      1          0               0    103.900    984.900      4.464          28.524                 1.76         50
      1          0               0     70.600    908.700      6.990          30.290                 2.01         60
      1          0               0    116.400    194.800      0.488           8.841                 1.14         10
      1          0               0     89.700    541.600      0.850          16.216                 1.24         20
      1          0               0    130.400    840.500      1.967          22.522                 1.34         30
      1          0               0    130.700   1409.700      4.354          23.702                  1.7         40
      1          0               0     68.900   1005.400      3.929          25.631                 1.96         50
      1          0               0    108.900   1606.600      7.285          28.836                 2.09         60
      1          0               0    103.200    430.200      0.495           7.529                 1.34         10
      1          0               0    124.800    907.500      1.307          14.959                 1.35         20
      1          0               0    127.000   1330.000      2.503          20.394                 1.48         30
      1          0               0    157.300   1375.600      4.738          24.373                 1.65         40
      1          0               0    139.300   1223.800      7.183          25.798                 1.95         50
      1          0               0    164.500   1969.300     12.459          29.063                 2.07         60
      1          0               0     70.600    227.000      0.314           8.297                 1.21         10
      1          0               0     66.000    411.600      0.676          14.755                 1.37         20
      1          0               0    170.300    951.200      3.420          18.920                 1.59         30
      1          0               0    143.200   1133.300      4.455          23.274                 1.73         40
      1          0               0    164.200   1567.000      6.309          28.924                 1.74         50
      1          0               0    116.900   1683.000      9.068          27.190                 2.23         60
      1          0               0    112.700    334.000      0.464           9.526                 1.05         10
      1          0               0    126.100    441.200      1.309          14.182                 1.42         20
      1          0               0     84.100    449.100      1.441          22.068                 1.36         30
      1          0               0    118.300    766.700      3.106          27.641                 1.45         40
      1          0               0    131.700   1025.300      5.816          29.395                  1.7         50
      0          0               1     13.400    804.000      1.223          30.142                 2.02         60
      1          0               0     50.700    227.600      0.218           8.888                 1.14         10
      1          0               0     89.300    554.100      0.826          17.279                 1.16         20
      1          0               0     84.700    644.600      1.365          22.375                 1.35         30
      1          0               0     85.800   1087.000      2.041          27.638                 1.45         40
      0          0               1     20.600   1030.000      1.424          27.505                 1.84         50
      0          0               1     16.600    996.000      1.666          29.669                 2.06         60
      1          0               0    134.200    545.400      0.609           7.650                 1.32         10
      1          0               0    147.400    615.200      1.465          15.397                  1.3         20
      0          0               1     19.000    570.000      0.390          19.653                 1.55         30
      0          0               1     21.300    852.000      0.629          24.122                  1.7         40
      0          0               1     10.400    520.000      0.600          24.212                 2.12         50
      1          0               0    116.700   1330.500      8.893          27.354                 2.21         60
      1          0               0     51.100    271.900      0.232           8.501                 1.19         10
      1          0               0     45.000    408.400      0.466          14.627                 1.38         20
      1          0               0     90.800    624.300      1.542          20.010                 1.51         30
      1          0               0    107.100    953.600      2.682          25.504                 1.58         40
      1          0               0    107.200   1207.100      4.234          28.999                 1.74         50
      1          0               0    103.500   1409.200      5.778          30.748                 1.97         60
      1          0               0     78.500    341.100      0.325           9.346                 1.08         10
      1          0               0    115.400    428.700      1.129          14.959                 1.35         20
      1          0               0    114.800    713.200      2.041          19.348                 1.56         30
      1          0               0     92.100    908.300      2.979          23.784                  1.7         40
      1          0               0     87.800   1328.200      5.059          26.014                 1.94         50
      1          0               0    118.300   1635.000     10.132          26.601                 2.28         60
      1          0               0     68.200    315.700      0.302           8.523                 1.18         10
      1          0               0     85.800    735.100      0.985          13.997                 1.46         20
      1          0               0    143.600    971.500      2.210          22.573                 1.35         30
      1          0               0     95.600    804.000      2.693          26.339                 1.54         40
      1          0               0    112.600   1170.000      4.001          28.632                 1.76         50
      1          0               0    136.200   1802.600      8.572          30.000                 2.02         60
      1          0               0     64.800    223.700      0.275           9.272                 1.08         10
      1          0               0    150.400    716.300      1.429          15.995                 1.26         20
      0          0               1     47.900   1437.000      0.965          17.894                 1.71         30
      0          0               1     48.200   1928.000      1.958          20.934                 1.94         40
      0          0               1     22.600   1130.000      1.347          23.456                 2.16         50
      1          0               0     75.600   1033.100      4.861          28.877                 2.09         60
      1          0               0     80.700    374.500      0.394           7.057                 1.44         10
      1          0               0     99.000    581.000      1.025          14.699                 1.38         20
      1          0               0    124.900   1032.300      2.164          18.630                 1.62         30
      0          0               1      7.500    300.000      0.368          22.453                 1.84         40
      1          0               0     89.800   1492.300      3.696          27.189                 1.84         50
      1          0               0     99.300   1419.100      5.891          29.704                 2.03         60
      1          0               0     75.200    316.400      0.363           7.963                  1.3         10
      1          0               0     89.800    607.700      0.925          15.753                 1.28         20
      1          0               0     85.900    732.400      1.522          20.069                 1.51         30
      1          0               0    115.700    961.000      3.066          25.165                 1.59         40
      1          0               0     89.100    933.300      3.526          28.871                 1.74         50
      1          0               0     74.100   1193.800      9.130          24.050                 2.51         60
      1          0               0     71.300    258.100      0.314           8.875                 1.14         10
      1          0               0    126.100    575.500      1.246          15.712                 1.28         20
      1          0               0    129.100   1220.800      2.231          21.828                 1.39         30
      1          0               0    133.800   1428.500      3.294          26.585                 1.51         40
      1          0               0    119.800   1602.900      5.396          29.014                 1.74         50
      1          0               0    221.800   2281.200     12.209          30.275                 1.99         60
      1          0               0     84.100    248.600      0.363           9.034                 1.12         10
      0          0               1    100.500   2010.000      1.041          15.693                 1.29         20
      1          0               0     79.800    865.100      1.344          21.906                 1.38         30
      0          0               1     24.700    988.000      0.696          26.429                 1.53         40
      1          0               0    153.500   1608.000      5.259          31.674                 1.58         50
      0          0               1     97.100   5826.000      9.008          29.739                 2.03         60
      1          0               0     55.200    227.400      0.241           8.732                 1.16         10
      1          0               0    110.500    618.300      1.088          15.770                 1.28         20
      1          0               0    140.600   1449.700      2.300          21.613                  1.4         30
      0          0               1      1.500     60.000      0.075          23.733                 1.92         40
      1          0               0    143.800   1850.500      5.133          30.178                 1.68         50
      1          0               0     91.800   1259.900      6.705          27.038                 2.23         60
      1          0               0     82.000    274.400      0.364           8.500                 1.19         10
      1          0               0    106.000    523.600      1.058          15.958                 1.26         20
      1          0               0    111.600    566.900      1.850          22.946                 1.31         30
      1          0               0     96.600    824.000      2.488          26.936                 1.49         40
      1          0               0    119.200   1273.400      4.931          29.070                 1.72         50
      1          0               0    105.200   1550.300      7.155          28.271                 2.13         60
      1          0               0    110.500    271.300      0.532           6.807                 1.49         10
      1          0               0     57.500    391.700      0.638          12.783                 1.58         20
      1          0               0    133.900    604.800      2.641          17.119                 1.76         30
      1          0               0    146.300   1095.200      3.859          23.723                 1.69         40
      1          0               0    104.700   1072.500      4.597          25.186                 2.01         50
      1          0               0     89.000    887.900      8.581          26.108                 2.32         60
      1          0               0     50.200    245.400      0.223           8.265                 1.22         10
      1          0               0    200.100   1266.600      1.982          14.779                 1.36         20
      1          0               0    153.500    734.200      2.565          21.173                 1.42         30
      0          0               1     28.000   1120.000      1.001          23.371                 1.74         40
      1          0               0    133.700   1141.700      4.669          30.012                 1.67         50
      1          0               0    119.000   1365.600      6.632          29.670                 2.05         60
      1          0               0     86.500    361.800      0.365           9.003                 1.12         10
      1          0               0     74.300    575.900      0.828          13.797                 1.48         20
      1          0               0    112.400   1034.700      2.452          19.074                 1.58         30
      1          0               0    124.500   1184.500      8.019          21.285                  1.9         40
      1          0               0     90.100   1265.600      8.100          24.397                 2.06         50
      0          0               1     42.000   2520.000      8.778          24.224                  2.5         60
      1          0               0    154.700    481.600      0.676           7.966                 1.26         10
      1          0               0     99.700    698.900      0.948          16.728                 1.22         20
      1          0               0     95.900    832.000      1.956          17.862                  1.7         30
      1          0               0     94.800    901.500      2.763          25.025                 1.62         40
      0          0               1     48.500   2425.000      3.048          25.087                 2.02         50
      0          0               1      6.900    414.000      0.766          31.043                 2.03         60
      1          0               0     60.000    271.500      0.253           9.185                  1.1         10
      1          0               0    128.600    994.000      1.257          16.033                 1.26         20
      1          0               0    130.600    991.800      2.077          22.023                 1.38         30
      1          0               0    158.200   1225.400      3.640          28.710                 1.41         40
      1          0               0     97.700   1357.600      4.366          28.588                 1.77         50
      1          0               0     88.600   1230.100      5.181          29.458                 2.05         60
      1          0               0    105.900    357.700      0.441           9.070                 1.11         10
      0          0               0   2000.000  40000.000     18.726          15.968                 1.25         20
      0          0               0   2000.000  60000.000     31.139          22.063                 1.36         30
      0          0               1      9.900    396.000      0.515          22.455                 1.82         40
      1          0               0    151.900   1295.900      9.533          25.779                 1.94         50
      1          0               0     91.500   1268.600      9.443          23.579                 2.57         60
      1          0               0     92.100    423.300      0.409           8.474                 1.19         10
      1          0               0     91.600    617.700      0.911          15.260                 1.32         20
      1          0               0     99.400    890.400      1.707          21.536                 1.41         30
      1          0               0    163.100   1662.700      4.341          23.815                 1.69         40
      1          0               0     75.800   1344.100      4.143          26.879                 1.87         50
      1          0               0    115.800   2128.700     11.494          24.841                 2.43         60
      1          0               0    100.800    235.500      0.455           8.661                 1.17         10
      0          0               1     44.000    880.000      0.449          15.689                  1.3         20
      1          0               0    145.100   1187.600      2.351          20.915                 1.45         30
      0          0               1     32.800   1312.000      1.037          23.549                 1.71         40
      1          0               0     97.700   1209.400      4.390          25.437                 1.97         50
      1          0               0    137.100   1467.100      8.028          27.957                 2.16         60
      1          0               0     98.500    318.600      0.443           8.257                 1.22         10
      1          0               0    130.900    714.600      1.352          14.481                 1.39         20
      1          0               0    117.800    845.000      2.102          19.877                 1.51         30
      1          0               0    195.900   1128.800      4.789          24.198                 1.66         40
      1          0               0     93.700   1036.400      3.444          26.395                  1.9         50
      1          0               0    110.400   1494.100      5.303          29.304                 2.05         60
      1          0               0    146.900    332.700      0.600           9.569                 1.05         10
      1          0               0     57.300    411.400      0.546          17.698                 1.14         20
      1          0               0    175.400   1127.600      2.738          21.437                  1.4         30
      1          0               0     67.800    727.000      2.199          23.851                 1.69         40
      0          0               1     42.100   2105.000      2.029          25.518                 1.98         50
      1          0               0    100.900   1502.700      5.791          30.212                 1.99         60
      1          0               0    122.800    383.800      0.544           8.364                 1.21         10
      1          0               0    104.300    524.000      1.151          14.535                 1.38         20
      1          0               0     75.800    585.700      1.227          21.751                 1.39         30
      1          0               0    140.600   1137.900      3.529          24.209                 1.66         40
      1          0               0    100.100    878.000      3.839          28.284                 1.77         50
      1          0               0     71.500    956.300      4.738          29.898                 2.02         60
      1          0               0    155.500    559.900      0.656           9.125                  1.1         10
      1          0               0     97.100    544.000      0.952          16.456                 1.22         20
      1          0               0    148.100    986.800      2.202          24.108                 1.25         30
      1          0               0     72.100    855.300      1.992          25.379                 1.58         40
      1          0               0     90.300    865.200      3.489          26.953                 1.87         50
      0          0               1     12.300    738.000      1.150          27.878                 2.21         60
      1          0               0     62.800    253.300      0.288           7.854                  1.3         10
      1          0               0     62.800    533.500      0.815          13.245                 1.54         20
      1          0               0     53.200    520.100      0.981          18.489                 1.64         30
      1          0               0    118.900    730.900      3.170          24.737                 1.62         40
      0          0               1      7.300    365.000      0.380          26.918                 1.91         50
      1          0               0    116.800   1559.900      7.506          26.838                 2.24         60
      1          0               0    112.800    362.100      0.500           8.287                 1.22         10
      1          0               0     98.500    476.500      0.988          15.034                 1.34         20
      1          0               0     95.900    745.000      1.660          19.234                 1.57         30
      1          0               0    119.300   1108.600      3.733          24.520                 1.67         40
      1          0               0    114.200   1447.200      4.538          25.984                 1.94         50
      1          0               0     98.500   1705.700      6.437          28.498                 2.11         60
      1          0               0    105.400    254.700      0.536           7.766                 1.31         10
      1          0               0    101.600    622.900      1.069          13.398                  1.5         20
      1          0               0    100.300    641.000      1.581          20.171                 1.49         30
      1          0               0    137.000    958.200      5.253          20.899                 1.93         40
      0          0               1     93.700   4685.000      6.516          25.609                 1.98         50
      1          0               0     49.100    709.800      4.390          27.014                 2.23         60
      1          0               0     73.200    303.500      0.314           8.904                 1.13         10
      1          0               0    128.800    613.700      1.245          15.943                 1.26         20
      1          0               0    163.100   1246.200      2.932          20.068                  1.5         30
      1          0               0    142.000   1227.800      6.603          21.618                 1.86         40
      1          0               0    106.300   1393.500     10.291          24.047                 2.11         50
      1          0               0    170.600   1768.500     17.563          27.768                 2.19         60
      1          0               0     98.600    328.300      0.504           6.955                 1.46         10
      1          0               0    126.900    778.500      1.448          14.401                  1.4         20
      1          0               0    114.700    659.100      2.077          20.415                 1.48         30
      1          0               0    173.900   1413.800      4.449          26.955                 1.49         40
      1          0               0    162.500   1222.500     12.836          28.671                 1.75         50
      1          0               0     86.500    770.500     10.129          30.257                 2.01         60
      1          0               0    104.900    264.800      0.458           8.613                 1.17         10
      1          0               0    135.200    503.900      1.236          17.254                 1.16         20
      1          0               0     99.900    998.500      1.604          22.354                 1.35         30
      1          0               0    114.100   1062.600      3.079          24.327                 1.66         40
      1          0               0    126.400   1190.900      5.850          25.163                  2.0         50
      1          0               0     90.300   1279.300      6.344          27.029                 2.23         60
      1          0               0     62.800    301.900      0.282           8.424                 1.21         10
      1          0               0    192.700   1013.400      2.360          13.847                 1.45         20
      1          0               0     87.400    928.800      1.509          22.408                 1.36         30
      1          0               0    125.500   1512.200      4.317          20.839                 1.93         40
      1          0               0    118.300   1686.400     11.494          19.799                 2.55         50
      1          0               0     72.300   1343.800     11.981          25.823                 2.34         60
      1          0               0    103.700    367.200      0.456           8.834                 1.14         10
      1          0               0    138.300   1004.100      1.561          15.082                 1.34         20
      1          0               0     94.200    980.800      1.936          20.063                  1.5         30
      1          0               0     89.900   1096.000      3.329          21.951                 1.83         40
      1          0               0    185.700   2500.400     10.310          24.512                 2.05         50
      1          0               0     98.900   1636.600      9.012          26.142                  2.3         60
      1          0               0     62.700    220.400      0.266           9.209                 1.09         10
      1          0               0    145.000    542.200      1.321          18.428                  1.1         20
      1          0               0    128.200    796.700      1.922          24.314                 1.24         30
      1          0               0    181.600    999.700      3.973          30.666                 1.32         40
      1          0               0     79.100    687.600      2.643          34.767                 1.46         50
      0          0               1     41.200   2472.000      2.995          31.558                 1.93         60
      1          0               0    122.300    391.300      0.538           8.533                 1.18         10
      1          0               0    134.100    767.400      1.279          17.148                 1.17         20
      1          0               0    141.800    897.000      2.154          21.659                 1.39         30
      1          0               0    103.800    763.600      2.473          28.422                 1.42         40
      1          0               0    104.700   1196.000      3.741          29.416                  1.7         50
      1          0               0     68.200   1101.800      4.508          29.774                 2.02         60
      1          0               0    103.800    475.100      0.472           7.838                 1.29         10
      1          0               0    143.400    837.500      1.700          14.032                 1.43         20
      1          0               0    102.700    912.000      2.119          19.043                 1.59         30
      1          0               0    117.700   1209.100      3.997          23.540                 1.71         40
      1          0               0    136.300   1520.000      5.409          28.032                 1.79         50
      0          0               1     36.500   2190.000      2.436          28.501                 2.13         60
      1          0               0     75.400    223.400      0.347           7.908                 1.28         10
      1          0               0    120.600    779.200      1.241          14.840                 1.36         20
      1          0               0    203.300   1302.200      3.108          21.300                 1.41         30
      1          0               0     61.400    623.100      1.591          27.205                 1.49         40
      1          0               0    380.300   1647.500     11.309          33.561                 1.49         50
      1          0               0    214.600   2122.100      8.722          35.346                 1.71         60
      1          0               0    117.500    404.700      0.514           8.660                 1.17         10
      1          0               0    104.700    719.300      0.986          16.960                 1.19         20
      0          0               1     13.500    405.000      0.330          19.059                  1.6         30
      0          0               1     13.400    536.000      0.631          21.716                 1.88         40
      0          0               1     75.000   3750.000      3.097          28.023                  1.8         50
      1          0               0    131.200   1376.600      8.331          31.593                 1.92         60
      1          0               0    110.400    420.000      0.479           8.856                 1.14         10
      1          0               0     79.700    405.000      0.737          17.316                 1.16         20
      1          0               0     90.700    666.100      1.381          24.044                 1.26         30
      0          0               1     14.200    568.000      0.555          23.817                 1.71         40
      1          0               0    110.100   1014.500      4.615          27.913                 1.82         50
      1          0               0    116.700   1294.000      7.032          31.542                 1.93         60
      1          0               0     85.900    346.200      0.439           6.134                 1.68         10
      1          0               0    130.900    520.600      1.420          13.842                 1.45         20
      1          0               0    137.300    823.500      2.625          17.521                 1.73         30
      1          0               0     95.600   1039.300      4.132          18.045                 2.23         40
      1          0               0     68.100    927.900      6.661          19.880                 2.54         50
      1          0               0     68.700    870.400      7.960          23.261                  2.6         60
      1          0               0     45.100    162.100      0.210           8.073                 1.26         10
      1          0               0    109.400    699.300      1.171          14.996                 1.34         20
      1          0               0    170.900    962.900      2.625          22.267                 1.36         30
      1          0               0     77.100    689.300      2.417          23.601                  1.7         40
      1          0               0     98.500   1152.300      5.409          24.808                 2.03         50
      1          0               0     73.900   1124.800      5.864          26.472                 2.28         60
      1          0               0     76.700    266.100      0.321           9.416                 1.07         10
      1          0               0     83.500    334.900      0.796          17.540                 1.15         20
      1          0               0    117.400    695.500      1.666          24.988                 1.21         30
      1          0               0    117.000    688.900      2.718          29.039                 1.38         40
      1          0               0    120.900    908.000      3.829          32.911                 1.53         50
      1          0               0    109.200   1006.500      5.960          35.463                 1.71         60
      1          0               0     80.400    365.100      0.339           9.152                 1.11         10
      1          0               0    122.200    764.000      1.474          13.953                 1.44         20
      1          0               0    126.400    891.100      2.348          19.807                 1.52         30
      0          0               0   2000.000  80000.000     43.619          26.935                 1.49         40
      1          0               0    109.300   1629.300      5.533          28.468                 1.77         50
      1          0               0    107.800   1928.600      7.774          31.690                 1.91         60
      1          0               0    109.900    372.700      0.492           8.601                 1.18         10
      1          0               0     82.100    605.200      0.833          16.214                 1.24         20
      1          0               0    152.900    998.600      2.409          22.458                 1.34         30
      1          0               0     84.200    737.800      1.989          28.109                 1.43         40
      1          0               0    169.400   1721.900      5.536          29.475                  1.7         50
      1          0               0    224.700   2495.800      9.728          32.875                 1.83         60
      1          0               0    117.700    502.500      0.529           7.995                 1.26         10
      1          0               0     91.400    479.200      0.909          15.304                 1.31         20
      1          0               0    130.000   1163.700      2.239          20.128                  1.5         30
      1          0               0    110.000   1164.000      2.802          25.688                 1.57         40
      1          0               0    105.400   1310.100      5.154          27.230                 1.84         50
      1          0               0    109.300   1430.500     10.299          27.830                 2.16         60
      1          0               0    148.900    389.600      0.665           8.852                 1.16         10
      1          0               0    126.300   1016.600      1.782          13.224                 1.53         20
      1          0               0    225.400   1769.400      4.234          21.351                 1.41         30
      1          0               0    533.600   3790.700     13.799          26.320                 1.53         40
      1          0               0    137.600   1703.900     11.057          25.121                 2.01         50
      1          0               0    110.100   1792.300     16.750          26.604                 2.26         60
      1          0               0     87.600    225.500      0.366           9.466                 1.06         10
      1          0               0    169.200    737.600      1.713          15.972                 1.26         20
      1          0               0    136.200    972.500      2.186          22.045                 1.37         30
      1          0               0    169.400   1349.300      4.113          26.184                 1.54         40
      1          0               0     68.500    840.800      3.381          26.682                 1.88         50
      1          0               0    131.200   1487.100     10.499          26.753                 2.26         60
      1          0               0    138.100    509.700      0.592           8.841                 1.15         10
      1          0               0     73.800    400.500      0.731          16.297                 1.24         20
      1          0               0     76.900    630.900      1.449          20.990                 1.44         30
      1          0               0     93.800    724.300      3.215          25.133                  1.6         40
      1          0               0    130.500   1298.500      7.263          25.538                 1.97         50
      1          0               0     89.800   1569.400     11.429          24.307                 2.48         60
      1          0               0     94.500    373.400      0.400           9.265                 1.09         10
      1          0               0     92.200    635.300      0.922          15.932                 1.26         20
      1          0               0    118.100    982.300      1.985          22.192                 1.36         30
      1          0               0     70.100    699.300      2.122          26.806                  1.5         40
      1          0               0     79.800    911.700      3.616          25.776                 1.95         50
      1          0               0     75.900   1017.500      6.962          28.119                 2.14         60
      1          0               0    129.700    301.700      0.593           7.298                 1.39         10
      1          0               0     95.400    623.400      1.099          13.448                 1.51         20
