success  collision  collision_obst   makespan   flowtime    runtime     mean_groups     mean_groups_size     number
      1          0               0    101.400    315.700      0.910           7.930                 1.29         10
      1          0               0    266.600   1141.400      4.519          17.888                 1.13         20
      1          0               0    122.200    999.900      3.594          22.417                 1.35         30
      1          0               0    194.200   1949.200      9.492          25.394                 1.58         40
      1          0               0    208.800   1836.300     15.195          29.283                 1.72         50
      1          0               0    123.000   1535.500     19.481          26.901                 2.25         60
      1          0               0    122.100    492.800      1.013           8.989                 1.12         10
      1          0               0    184.200    769.400      3.651          13.317                 1.51         20
      1          0               0     98.700    468.000      3.217          19.421                 1.55         30
      1          0               0    847.500   5330.500     55.059          19.380                 2.07         40
      1          0               0     78.100    796.900      9.318          22.752                  2.2         50
      1          0               0    184.700   2065.200     37.945          24.881                 2.42         60
      1          0               0     71.700    245.700      0.633           8.544                 1.19         10
      1          0               0     75.900    401.400      1.460          15.850                 1.28         20
      1          0               0    142.800    753.400      5.033          20.064                 1.51         30
      1          0               0    108.000    933.600      6.411          23.175                 1.74         40
      1          0               0    183.300   2712.800     15.987          23.151                 2.17         50
      1          0               0    141.500   1728.100     22.608          22.634                 2.66         60
      1          0               0    191.100    464.600      1.693           8.461                  1.2         10
      1          0               0    133.900    617.400      2.521          15.619                 1.29         20
      1          0               0    171.900   1368.100      5.928          21.915                 1.39         30
      1          0               0    157.400   1923.400      8.986          24.548                 1.64         40
      1          0               0    167.600   2663.200     17.213          25.499                 1.97         50
      1          0               0    156.800   2250.700     21.152          28.154                 2.14         60
      1          0               0     27.200    140.700      0.228           8.614                 1.17         10
      1          0               0     85.300    595.900      1.578          15.860                 1.27         20
      1          0               0     88.300    936.000      2.784          21.026                 1.45         30
      1          0               0     98.300   1216.000      4.694          24.658                 1.63         40
      1          0               0    104.200    895.000      7.854          28.044                 1.79         50
      1          0               0    122.800   1960.000     13.805          28.377                 2.12         60
      1          0               0     66.000    237.200      0.589           8.241                 1.22         10
      1          0               0    168.200    773.400      3.279          14.819                 1.36         20
      1          0               0    150.600    690.000      5.571          19.677                 1.53         30
      1          0               0    147.600   1051.100      9.042          25.200                  1.6         40
      1          0               0    145.100   1491.400     12.506          25.895                 1.95         50
      1          0               0    119.700   1333.300     16.212          27.069                 2.24         60
      1          0               0     51.100    189.800      0.445           8.971                 1.13         10
      1          0               0    112.800    407.200      2.065          16.201                 1.24         20
      1          0               0    139.900    884.400      4.191          22.206                 1.36         30
      1          0               0    115.500   1198.300      5.851          24.715                 1.63         40
      1          0               0    126.300   1283.500     11.245          27.325                 1.84         50
      1          0               0     97.900   1545.600     18.053          26.557                 2.28         60
      1          0               0    147.900    649.700      1.331           9.182                  1.1         10
      1          0               0    134.000   1101.300      2.576          16.496                 1.22         20
      1          0               0    140.000   1393.500      4.917          18.766                 1.61         30
      1          0               0    145.200   1237.400      8.206          23.530                 1.72         40
      1          0               0    222.100   2200.700     16.175          27.323                 1.85         50
      1          0               0    132.700   1989.100     18.293          28.233                 2.15         60
      1          0               0    153.400    520.000      1.331           8.209                 1.23         10
      1          0               0    175.900    628.400      3.223          15.869                 1.27         20
      1          0               0    148.000   1017.500      4.863          21.288                 1.41         30
      1          0               0    102.000   1067.100      6.158          24.960                 1.63         40
      1          0               0    187.900   2040.200     14.636          28.872                 1.75         50
      1          0               0    176.500   2008.100     21.463          32.182                 1.87         60
      1          0               0     64.300    212.700      0.559           8.900                 1.13         10
      1          0               0    178.400    806.900      3.399          15.974                 1.26         20
      1          0               0    122.700    985.700      4.123          21.304                 1.42         30
      1          0               0    159.700   1343.700      8.554          24.545                 1.64         40
      1          0               0    153.500   1547.000     14.505          22.794                 2.21         50
      1          0               0    726.500   4387.400    127.520          22.996                 2.61         60
      1          0               0    164.600    539.400      1.341           9.470                 1.06         10
      1          0               0    174.700    574.700      3.406          14.833                 1.36         20
      1          0               0    174.900   1102.000      8.295          18.874                  1.6         30
      1          0               0    255.600   2352.600     18.581          22.569                 1.78         40
      1          0               0    161.100   2064.200     21.940          25.374                 1.99         50
      1          0               0    154.800   2758.600     36.897          27.221                 2.23         60
      1          0               0    132.900    505.500      1.320           6.497                 1.56         10
      1          0               0    139.800    754.000      2.987          12.113                 1.67         20
      1          0               0     67.300    679.800      3.291          14.615                 2.08         30
      1          0               0    116.000   1266.400      7.765          19.485                 2.07         40
      1          0               0    116.100   1728.800     14.187          21.786                 2.31         50
      1          0               0    206.500   3102.500     40.290          20.890                  2.9         60
      1          0               0     92.000    257.600      0.810           9.154                  1.1         10
      1          0               0     54.600    315.500      1.044          15.321                 1.32         20
      1          0               0     97.300    493.200      3.601          19.066                 1.58         30
      1          0               0    120.300    736.900      7.279          23.131                 1.74         40
      1          0               0     61.700    729.300      6.739          27.154                 1.85         50
      1          0               0    106.300   1078.500     25.597          26.284                  2.3         60
      1          0               0    115.000    341.000      0.958           9.397                 1.07         10
      1          0               0    181.300    715.900      3.279          15.728                 1.27         20
      1          0               0    135.100   1404.100      4.605          19.334                 1.56         30
      1          0               0    142.400   1696.800      7.889          22.664                 1.77         40
      1          0               0    168.100   2026.000     15.169          24.521                 2.05         50
      1          0               0    124.600   2185.900     15.979          26.530                 2.27         60
      1          0               0    184.200    701.100      1.629           8.396                  1.2         10
      1          0               0    181.200    749.200      3.550          16.163                 1.25         20
      1          0               0    150.000    776.100      4.486          23.068                 1.31         30
      1          0               0    170.100   1204.900      7.790          28.424                 1.42         40
      1          0               0    205.400   1941.600     15.571          28.908                 1.74         50
      1          0               0    195.900   2597.400     19.669          31.500                 1.91         60
      1          0               0    148.200    453.500      1.260           9.302                 1.09         10
      1          0               0    103.200    430.700      1.874          17.296                 1.16         20
      1          0               0     61.200    517.500      2.166          19.302                 1.57         30
      1          0               0     99.800   1127.900      5.573          24.329                 1.67         40
      1          0               0    194.000   2098.700     16.670          27.118                 1.86         50
      1          0               0    153.900   1936.500     20.711          29.309                 2.07         60
      1          0               0    100.200    378.800      0.877           8.018                 1.26         10
      1          0               0    117.400    739.800      2.336          14.520                 1.38         20
      1          0               0    241.300   1382.700      7.583          20.204                 1.49         30
      1          0               0    128.400   1134.700      6.088          25.731                 1.56         40
      1          0               0    182.600   1690.900     12.066          29.960                 1.68         50
      1          0               0    164.700   1425.800     15.729          32.107                 1.87         60
      1          0               0     62.000    315.300      0.561           7.142                 1.41         10
      1          0               0    169.700   1034.400      3.114          14.900                 1.35         20
      1          0               0     99.500    807.000      3.068          21.468                  1.4         30
      1          0               0    112.200    749.200      6.004          23.235                 1.73         40
      1          0               0     91.400    737.200      6.722          26.544                  1.9         50
      1          0               0     88.200    976.600     17.180          25.639                 2.35         60
      1          0               0    107.400    468.700      0.915           8.792                 1.15         10
      1          0               0    155.600    643.700      2.769          16.826                  1.2         20
      1          0               0    218.100   1415.800      6.642          21.485                  1.4         30
      1          0               0    129.600   1518.500      6.808          25.684                 1.57         40
      1          0               0    152.100   1698.100     14.718          27.182                 1.87         50
      1          0               0    154.100   1909.200     21.495          30.028                 2.04         60
      1          0               0    109.900    494.500      0.958           8.359                 1.21         10
      1          0               0     57.700    254.500      1.140          15.393                 1.31         20
      1          0               0    117.500    692.100      4.413          19.169                 1.57         30
      1          0               0    166.200   1804.200     11.939          20.745                 1.94         40
      1          0               0    139.700   1920.200     16.243          22.975                 2.18         50
      1          0               0    161.900   2174.700     27.917          25.924                 2.33         60
      1          0               0    206.600    665.100      1.863           8.713                 1.16         10
      1          0               0    116.300    738.000      2.163          17.640                 1.14         20
      1          0               0    110.500   1117.500      3.683          21.328                 1.41         30
      1          0               0    213.200   2865.800     11.495          25.136                  1.6         40
      1          0               0    171.400   2505.900     14.033          26.658                 1.88         50
      1          0               0    217.000   4239.000     25.664          28.632                 2.11         60
      1          0               0    100.300    398.700      0.915           8.658                 1.17         10
      1          0               0    154.500    942.100      3.094          15.120                 1.33         20
      1          0               0    146.000    872.300      4.620          22.523                 1.35         30
      1          0               0    151.200   1608.800     10.958          23.727                 1.71         40
      1          0               0    131.300   1788.700     13.453          27.243                 1.88         50
      1          0               0    108.100   1702.300     22.094          26.623                 2.32         60
      1          0               0    105.000    352.200      0.905           8.420                 1.21         10
      1          0               0    162.600    657.400      3.108          14.081                 1.43         20
      1          0               0    264.600   1962.300      8.645          20.605                 1.46         30
      1          0               0    153.900   2085.800      8.228          23.551                 1.71         40
      1          0               0    149.500   1730.500     11.173          27.433                 1.85         50
      1          0               0    124.900   1318.700     12.976          31.947                 1.91         60
      1          0               0    156.000    336.100      1.443           8.472                 1.19         10
      1          0               0    119.400    852.000      2.656          14.279                 1.41         20
      1          0               0    117.800    893.600      6.643          18.932                 1.59         30
